0.152143 1.000000
0.408307 0.993202
0.500910 0.987577
0.544236 0.983616
0.571958 0.980372
0.591669 0.977519
0.606952 0.974956
0.619459 0.972606
0.630084 0.970282
0.639428 0.968066
0.647733 0.966040
0.655212 0.964122
0.662045 0.962201
0.668283 0.960394
0.674106 0.958726
0.679517 0.957114
0.684578 0.955538
0.689302 0.953984
0.693786 0.952462
0.698026 0.950979
0.702095 0.949545
0.705932 0.948124
0.709574 0.946738
0.713055 0.945376
0.716349 0.944039
0.719456 0.942703
0.722420 0.941382
0.725272 0.940090
0.728031 0.938820
0.730684 0.937552
0.733252 0.936333
0.735733 0.935136
0.738161 0.933975
0.740515 0.932838
0.742781 0.931699
0.745014 0.930605
0.747168 0.929528
0.749316 0.928453
0.751415 0.927410
0.753468 0.926383
0.755460 0.925367
0.757409 0.924408
0.759304 0.923436
0.761145 0.922443
0.762956 0.921454
0.764728 0.920470
0.766451 0.919496
0.768140 0.918517
0.769789 0.917548
0.771402 0.916576
0.772986 0.915607
0.774552 0.914664
0.776089 0.913718
0.777591 0.912779
0.779068 0.911829
0.780547 0.910892
0.781979 0.909958
0.783391 0.909006
0.784782 0.908087
0.786133 0.907150
0.787495 0.906208
0.788818 0.905283
0.790106 0.904351
0.791371 0.903403
0.792640 0.902487
0.793887 0.901561
0.795120 0.900631
0.796335 0.899702
0.797548 0.898775
0.798752 0.897844
0.799944 0.896924
0.801124 0.896002
0.802291 0.895089
0.803441 0.894152
0.804570 0.893233
0.805673 0.892300
0.806801 0.891376
0.807902 0.890447
0.809001 0.889541
0.810089 0.888632
0.811155 0.887721
0.812220 0.886825
0.813265 0.885916
0.814333 0.885022
0.815383 0.884124
0.816411 0.883238
0.817447 0.882341
0.818477 0.881470
0.819488 0.880588
0.820500 0.879685
0.821512 0.878799
0.822527 0.877909
0.823543 0.877011
0.824530 0.876123
0.825514 0.875217
0.826498 0.874328
0.827450 0.873450
0.828422 0.872557
0.829389 0.871671
0.830344 0.870794
0.831322 0.869904
0.832264 0.869018
0.833193 0.868141
0.834129 0.867284
0.835067 0.866402
0.835977 0.865519
0.836915 0.864660
0.837813 0.863766
0.838704 0.862894
0.839595 0.862004
0.840478 0.861111
0.841365 0.860227
0.842236 0.859337
0.843119 0.858453
0.844002 0.857556
0.844879 0.856675
0.845754 0.855769
0.846636 0.854861
0.847514 0.853955
0.848372 0.853037
0.849259 0.852117
0.850151 0.851203
0.851021 0.850268
0.851862 0.849323
0.852682 0.848403
0.853528 0.847484
0.854324 0.846551
0.855136 0.845605
0.855928 0.844668
0.856731 0.843739
0.857532 0.842787
0.858342 0.841837
0.859142 0.840879
0.859923 0.839919
0.860707 0.838963
0.861495 0.837997
0.862267 0.837006
0.863048 0.836022
0.863834 0.835028
0.864587 0.834018
0.865340 0.833001
0.866074 0.831979
0.866838 0.830956
0.867596 0.829936
0.868354 0.828930
0.869125 0.827887
0.869873 0.826824
0.870623 0.825769
0.871408 0.824711
0.872158 0.823637
0.872904 0.822522
0.873656 0.821418
0.874388 0.820315
0.875099 0.819213
0.875821 0.818099
0.876548 0.816995
0.877233 0.815859
0.877961 0.814753
0.878681 0.813621
0.879397 0.812484
0.880137 0.811341
0.880843 0.810225
0.881569 0.809080
0.882310 0.807944
0.883029 0.806773
0.883759 0.805605
0.884502 0.804401
0.885243 0.803218
0.885994 0.802023
0.886757 0.800805
0.887544 0.799573
0.888322 0.798353
0.889092 0.797098
0.889872 0.795805
0.890636 0.794490
0.891398 0.793132
0.892138 0.791774
0.892894 0.790376
0.893666 0.788984
0.894452 0.787580
0.895219 0.786165
0.895997 0.784743
0.896795 0.783332
0.897566 0.781906
0.898331 0.780447
0.899088 0.778982
0.899890 0.777501
0.900700 0.776005
0.901528 0.774490
0.902321 0.772935
0.903121 0.771382
0.903942 0.769804
0.904817 0.768195
0.905646 0.766570
0.906518 0.764905
0.907392 0.763221
0.908308 0.761497
0.909166 0.759757
0.909982 0.758004
0.910863 0.756180
0.911668 0.754330
0.912545 0.752472
0.913444 0.750580
0.914312 0.748658
0.915126 0.746698
0.915951 0.744684
0.916723 0.742659
0.917480 0.740572
0.918254 0.738449
0.919032 0.736284
0.919781 0.734096
0.920459 0.731840
0.921265 0.729506
0.922045 0.727144
0.922830 0.724730
0.923625 0.722281
0.924388 0.719728
0.925195 0.717105
0.925954 0.714428
0.926725 0.711662
0.927529 0.708856
0.928308 0.705944
0.929148 0.702955
0.929964 0.699862
0.930735 0.696666
0.931583 0.693378
0.932395 0.689989
0.933286 0.686470
0.934062 0.682801
0.934793 0.679035
0.935692 0.675094
0.936450 0.671018
0.937275 0.666750
0.937983 0.662368
0.938905 0.657756
0.939768 0.652817
0.940533 0.647602
0.941411 0.642137
0.942426 0.636407
0.943426 0.630319
0.944163 0.623842
0.945215 0.616962
0.946106 0.609585
0.947196 0.601680
0.947859 0.593017
0.948793 0.583489
0.949827 0.573180
0.950891 0.561655
0.951582 0.548627
0.952715 0.533824
0.953914 0.516623
0.955371 0.496005
0.957118 0.470635
0.959550 0.438359
0.962992 0.391833
0.967535 0.300911
