0.152143 1.000000
0.422057 0.993907
0.512790 0.988379
0.553818 0.984253
0.580132 0.980889
0.599369 0.978022
0.614600 0.975467
0.627255 0.973099
0.638035 0.970908
0.647432 0.968848
0.655753 0.966932
0.663200 0.965058
0.669954 0.963292
0.676116 0.961581
0.681810 0.959941
0.687090 0.958341
0.692041 0.956774
0.696664 0.955241
0.701059 0.953744
0.705197 0.952301
0.709085 0.950872
0.712803 0.949460
0.716353 0.948106
0.719726 0.946759
0.722942 0.945453
0.726016 0.944173
0.728933 0.942884
0.731792 0.941664
0.734545 0.940412
0.737220 0.939211
0.739814 0.938058
0.742303 0.936905
0.744714 0.935767
0.747025 0.934625
0.749267 0.933515
0.751437 0.932392
0.753524 0.931274
0.755558 0.930163
0.757515 0.929050
0.759420 0.927936
0.761327 0.926911
0.763185 0.925869
0.765014 0.924850
0.766822 0.923841
0.768563 0.922837
0.770289 0.921851
0.771964 0.920869
0.773625 0.919892
0.775254 0.918930
0.776826 0.917981
0.778373 0.917033
0.779896 0.916076
0.781383 0.915131
0.782821 0.914195
0.784234 0.913251
0.785626 0.912319
0.787006 0.911418
0.788344 0.910520
0.789680 0.909627
0.790992 0.908737
0.792287 0.907877
0.793600 0.906999
0.794887 0.906114
0.796154 0.905259
0.797407 0.904396
0.798663 0.903513
0.799881 0.902640
0.801078 0.901781
0.802269 0.900929
0.803452 0.900063
0.804630 0.899201
0.805810 0.898338
0.806977 0.897477
0.808108 0.896635
0.809216 0.895777
0.810327 0.894919
0.811462 0.894061
0.812546 0.893219
0.813650 0.892371
0.814748 0.891523
0.815848 0.890677
0.816909 0.889828
0.817960 0.888966
0.819010 0.888100
0.820039 0.887197
0.821063 0.886320
0.822078 0.885443
0.823080 0.884574
0.824071 0.883679
0.825052 0.882801
0.826020 0.881920
0.826960 0.881040
0.827932 0.880175
0.828859 0.879301
0.829811 0.878436
0.830751 0.877567
0.831656 0.876684
0.832564 0.875820
0.833463 0.874964
0.834364 0.874095
0.835255 0.873214
0.836116 0.872349
0.836985 0.871489
0.837861 0.870619
0.838721 0.869782
0.839569 0.868913
0.840408 0.868052
0.841249 0.867205
0.842094 0.866340
0.842921 0.865469
0.843753 0.864594
0.844581 0.863695
0.845415 0.862802
0.846227 0.861909
0.847036 0.861027
0.847837 0.860121
0.848610 0.859199
0.849394 0.858286
0.850156 0.857364
0.850930 0.856459
0.851682 0.855534
0.852428 0.854602
0.853173 0.853682
0.853933 0.852765
0.854683 0.851843
0.855432 0.850917
0.856188 0.849973
0.856942 0.849040
0.857698 0.848097
0.858454 0.847150
0.859224 0.846176
0.859986 0.845227
0.860718 0.844263
0.861470 0.843317
0.862229 0.842359
0.862949 0.841366
0.863712 0.840390
0.864490 0.839413
0.865256 0.838429
0.866032 0.837454
0.866792 0.836483
0.867536 0.835489
0.868289 0.834504
0.869040 0.833519
0.869793 0.832528
0.870540 0.831520
0.871278 0.830495
0.872010 0.829501
0.872756 0.828490
0.873472 0.827471
0.874181 0.826439
0.874911 0.825402
0.875653 0.824355
0.876346 0.823279
0.877072 0.822207
0.877797 0.821139
0.878501 0.820056
0.879234 0.818986
0.879931 0.817884
0.880664 0.816760
0.881369 0.815648
0.882102 0.814534
0.882820 0.813389
0.883551 0.812214
0.884253 0.811061
0.884979 0.809894
0.885694 0.808696
0.886401 0.807495
0.887157 0.806280
0.887925 0.805073
0.888648 0.803833
0.889377 0.802605
0.890091 0.801335
0.890816 0.800062
0.891515 0.798789
0.892254 0.797488
0.892993 0.796175
0.893721 0.794833
0.894421 0.793498
0.895151 0.792146
0.895853 0.790763
0.896586 0.789390
0.897309 0.787988
0.898043 0.786556
0.898778 0.785132
0.899530 0.783703
0.900286 0.782272
0.900991 0.780793
0.901734 0.779341
0.902487 0.777823
0.903252 0.776318
0.903980 0.774779
0.904737 0.773222
0.905503 0.771630
0.906191 0.769996
0.906925 0.768354
0.907648 0.766677
0.908374 0.764950
0.909098 0.763197
0.909839 0.761435
0.910547 0.759602
0.911253 0.757789
0.912023 0.755933
0.912739 0.754031
0.913488 0.752099
0.914310 0.750134
0.915113 0.748141
0.915909 0.746113
0.916672 0.744051
0.917446 0.741914
0.918197 0.739751
0.918966 0.737533
0.919733 0.735254
0.920467 0.732924
0.921217 0.730571
0.921976 0.728130
0.922751 0.725664
0.923538 0.723142
0.924314 0.720525
0.925105 0.717868
0.925907 0.715099
0.926667 0.712275
0.927416 0.709360
0.928165 0.706366
0.928911 0.703279
0.929706 0.700110
0.930460 0.696778
0.931253 0.693337
0.931998 0.689796
0.932760 0.686115
0.933474 0.682294
0.934225 0.678310
0.935024 0.674145
0.935869 0.669826
0.936658 0.665318
0.937540 0.660587
0.938337 0.655635
0.939163 0.650445
0.940030 0.644969
0.940912 0.639139
0.941677 0.632821
0.942440 0.626198
0.943286 0.619085
0.944081 0.611429
0.944971 0.603024
0.945883 0.593907
0.946953 0.583815
0.947871 0.572585
0.949154 0.559895
0.950668 0.545471
0.952268 0.528739
0.954497 0.508990
0.956260 0.484375
0.958267 0.453040
0.961187 0.407723
0.965346 0.318096
