0.152143 1.000000
0.404506 0.994694
0.496151 0.988876
0.538063 0.984646
0.564914 0.981255
0.584937 0.978157
0.600820 0.975440
0.613813 0.973039
0.624953 0.970716
0.634737 0.968518
0.643380 0.966435
0.651166 0.964477
0.658258 0.962609
0.664744 0.960782
0.670768 0.959014
0.676353 0.957310
0.681607 0.955635
0.686546 0.953988
0.691254 0.952410
0.695660 0.950886
0.699799 0.949396
0.703695 0.947945
0.707407 0.946489
0.710951 0.945097
0.714326 0.943740
0.717547 0.942413
0.720636 0.941118
0.723617 0.939866
0.726502 0.938616
0.729290 0.937403
0.731960 0.936183
0.734579 0.934977
0.737108 0.933779
0.739567 0.932623
0.741990 0.931478
0.744337 0.930304
0.746602 0.929157
0.748799 0.928024
0.750913 0.926893
0.752991 0.925743
0.754997 0.924610
0.756974 0.923463
0.758872 0.922317
0.760737 0.921171
0.762572 0.920048
0.764350 0.918935
0.766096 0.917845
0.767827 0.916735
0.769532 0.915634
0.771191 0.914531
0.772806 0.913403
0.774407 0.912298
0.775972 0.911192
0.777522 0.910095
0.779034 0.909012
0.780531 0.907939
0.781998 0.906877
0.783425 0.905780
0.784856 0.904713
0.786287 0.903670
0.787695 0.902617
0.789090 0.901591
0.790457 0.900542
0.791824 0.899506
0.793179 0.898471
0.794506 0.897425
0.795827 0.896403
0.797119 0.895390
0.798411 0.894404
0.799663 0.893411
0.800899 0.892443
0.802119 0.891472
0.803330 0.890493
0.804521 0.889532
0.805690 0.888570
0.806847 0.887598
0.807999 0.886644
0.809135 0.885668
0.810256 0.884709
0.811357 0.883773
0.812448 0.882816
0.813525 0.881852
0.814600 0.880898
0.815652 0.879923
0.816689 0.878944
0.817750 0.877995
0.818787 0.877029
0.819812 0.876067
0.820816 0.875109
0.821824 0.874152
0.822834 0.873195
0.823828 0.872256
0.824837 0.871314
0.825819 0.870373
0.826821 0.869449
0.827777 0.868506
0.828754 0.867572
0.829721 0.866624
0.830691 0.865668
0.831623 0.864698
0.832574 0.863747
0.833517 0.862805
0.834442 0.861839
0.835362 0.860878
0.836281 0.859910
0.837226 0.858942
0.838143 0.857976
0.839060 0.857015
0.839994 0.856061
0.840928 0.855107
0.841828 0.854116
0.842761 0.853151
0.843669 0.852170
0.844574 0.851213
0.845468 0.850237
0.846347 0.849247
0.847220 0.848244
0.848108 0.847263
0.848964 0.846270
0.849834 0.845307
0.850694 0.844353
0.851554 0.843357
0.852426 0.842383
0.853279 0.841408
0.854146 0.840428
0.855007 0.839422
0.855862 0.838417
0.856730 0.837421
0.857586 0.836414
0.858441 0.835390
0.859267 0.834354
0.860094 0.833324
0.860923 0.832298
0.861755 0.831251
0.862579 0.830185
0.863413 0.829143
0.864258 0.828095
0.865077 0.827039
0.865900 0.825988
0.866747 0.824930
0.867588 0.823868
0.868391 0.822815
0.869166 0.821735
0.869966 0.820651
0.870755 0.819581
0.871578 0.818480
0.872361 0.817383
0.873145 0.816296
0.873923 0.815185
0.874705 0.814050
0.875501 0.812937
0.876310 0.811793
0.877093 0.810669
0.877869 0.809515
0.878636 0.808366
0.879403 0.807209
0.880175 0.806028
0.880914 0.804831
0.881682 0.803642
0.882433 0.802436
0.883184 0.801197
0.883921 0.799998
0.884653 0.798782
0.885408 0.797546
0.886172 0.796333
0.886910 0.795083
0.887645 0.793816
0.888374 0.792538
0.889109 0.791230
0.889849 0.789931
0.890591 0.788642
0.891338 0.787324
0.892065 0.785993
0.892787 0.784631
0.893506 0.783258
0.894219 0.781893
0.894906 0.780488
0.895598 0.779076
0.896354 0.777653
0.897057 0.776223
0.897728 0.774741
0.898417 0.773265
0.899129 0.771773
0.899808 0.770283
0.900498 0.768753
0.901196 0.767221
0.901892 0.765682
0.902588 0.764109
0.903283 0.762532
0.903971 0.760950
0.904647 0.759316
0.905322 0.757642
0.906046 0.755998
0.906730 0.754286
0.907442 0.752542
0.908157 0.750805
0.908861 0.749045
0.909550 0.747234
0.910265 0.745406
0.910994 0.743589
0.911714 0.741723
0.912469 0.739818
0.913186 0.737882
0.913927 0.735912
0.914661 0.733895
0.915416 0.731836
0.916135 0.729702
0.916857 0.727525
0.917583 0.725321
0.918328 0.723083
0.919075 0.720795
0.919831 0.718500
0.920551 0.716094
0.921311 0.713660
0.922120 0.711183
0.922906 0.708642
0.923688 0.706019
0.924525 0.703375
0.925299 0.700616
0.926079 0.697781
0.926899 0.694871
0.927669 0.691879
0.928532 0.688719
0.929350 0.685510
0.930224 0.682153
0.931056 0.678695
0.931903 0.675134
0.932823 0.671438
0.933765 0.667658
0.934732 0.663742
0.935731 0.659613
0.936697 0.655330
0.937660 0.650938
0.938598 0.646329
0.939578 0.641629
0.940552 0.636714
0.941607 0.631526
0.942666 0.626088
0.943765 0.620368
0.944857 0.614319
0.945998 0.607866
0.947199 0.601026
0.948435 0.593708
0.949708 0.585802
0.950965 0.577263
0.952271 0.567979
0.953543 0.557912
0.954678 0.546867
0.955877 0.534625
0.956861 0.520753
0.957898 0.504600
0.959011 0.485338
0.960230 0.461590
0.961981 0.430718
0.964192 0.386341
0.966301 0.299179
